16 16 74
0 7 -0.0865112
0 8 -0.0114965
0 6 -0.64942
0 5 -1.25134
0 0 3.98189
1 6 -0.171279
1 2 -0.18625
1 15 -0.614682
1 1 7.61259
2 1 -0.18625
2 4 -0.0288556
2 10 -6.60903
2 2 9.37045
2 8 -2.04836
2 6 -0.388906
3 3 9.57473
4 2 -0.0288556
4 10 -0.357678
4 12 -0.319544
4 13 -1.00507
4 8 -0.489719
4 4 3.77272
5 9 -0.0234982
5 7 -7.24611
5 13 -0.20906
5 14 -0.214743
5 0 -1.25134
5 5 9.50564
6 1 -0.171279
6 15 -50.7619
6 2 -0.388906
6 8 -0.26047
6 6 52.7065
6 0 -0.64942
7 13 -0.916151
7 8 -1.89687
7 5 -7.24611
7 0 -0.0865112
7 7 10.1456
8 4 -0.489719
8 13 -0.425551
8 7 -1.89687
8 0 -0.0114965
8 2 -2.04836
8 8 5.13247
8 6 -0.26047
9 5 -0.0234982
9 9 9.77158
9 14 -3.51359
10 4 -0.357678
10 12 -0.560432
10 11 -1.14642
10 10 8.72911
10 2 -6.60903
11 10 -1.14642
11 12 -0.238514
11 11 4.89539
12 4 -0.319544
12 10 -0.560432
12 11 -0.238514
12 12 6.347
13 4 -1.00507
13 8 -0.425551
13 7 -0.916151
13 13 3.9732
13 14 -0.637351
13 5 -0.20906
14 9 -3.51359
14 13 -0.637351
14 14 7.47318
14 5 -0.214743
15 1 -0.614682
15 6 -50.7619
15 15 52.5052