64 64 366
0 16 -0.832944
0 13 -1.42812
0 41 -0.809432
0 0 5.77011
0 4 -2.33486
0 19 -0.364756
1 53 -0.93106
1 14 -0.409713
1 5 -0.35487
1 52 -0.0773437
1 1 4.02593
1 22 -1.22771
1 62 -1.02523
2 55 -0.0377607
2 37 -1.44847
2 47 -0.453757
2 2 7.79727
2 49 -0.682342
2 30 -5.17494
3 9 -0.707883
3 18 -1.90676
3 11 -0.437509
3 20 -0.718242
3 3 4.2699
3 45 -0.499503
4 16 -1.89479
4 0 -2.33486
4 33 -0.916804
4 19 -0.00649149
4 4 5.87997
4 40 -0.172149
5 53 -0.862409
5 41 -2.00514
5 13 -0.504041
5 5 4.59518
5 1 -0.35487
5 52 -0.819996
6 46 -1.34758
6 48 -0.931624
6 10 -0.960891
6 23 -0.425767
6 7 -0.402269
6 6 4.06813
7 48 -0.931973
7 6 -0.402269
7 23 -0.558415
7 27 -0.768674
7 7 3.91539
8 56 -0.115764
8 46 -0.316565
8 55 -1.78201
8 17 -0.799687
8 39 -2.01425
8 8 5.11989
9 18 -0.173664
9 3 -0.707883
9 25 -3.61822
9 32 -0.907643
9 45 -0.391294
9 9 5.7987
10 55 -0.0899017
10 46 -0.414972
10 6 -0.960891
10 23 -2.47729
10 50 -0.576982
10 30 -0.711307
10 54 -0.00173325
10 10 5.23308
11 3 -0.437509
11 20 -0.0298005
11 42 -0.512758
11 18 -0.711141
11 11 5.10727
11 44 -2.78982
11 50 -0.626244
12 31 -0.0244173
12 24 -2.20536
12 42 -0.957707
12 63 -0.324155
12 27 -0.220373
12 58 -1.25043
12 12 5.1865
13 16 -0.392939
13 5 -0.504041
13 0 -1.42812
13 41 -1.3127
13 13 4.36429
14 53 -0.0779382
14 49 -0.356444
14 21 -1.13937
14 22 -0.53337
14 1 -0.409713
14 14 4.36672
15 33 -0.776468
15 29 -0.660315
15 60 -2.74406
15 15 4.99822
15 35 -0.461378
15 38 -0.356003
16 4 -1.89479
16 0 -0.832944
16 16 4.49062
16 13 -0.392939
17 56 -0.0543199
17 8 -0.799687
17 17 4.21647
18 9 -0.173664
18 3 -1.90676
18 25 -0.367399
18 11 -0.711141
18 50 -0.871783
18 40 -0.0837462
18 18 4.49614
18 19 -0.381639
19 0 -0.364756
19 50 -0.143275
19 54 -6.80977
19 41 -0.202703
19 4 -0.00649149
19 40 -0.877217
19 18 -0.381639
19 19 8.78585
20 3 -0.718242
20 11 -0.0298005
20 51 -2.79989
20 45 -0.184192
20 42 -0.996726
20 61 -0.387893
20 63 -0.0162598
20 20 5.133
21 49 -1.99938
21 14 -1.13937
21 47 -0.0161501
21 21 5.30831
22 36 -0.82119
22 14 -0.53337
22 1 -1.22771
22 62 -0.192049
22 34 -2.29626
22 22 5.12801
23 6 -0.425767
23 10 -2.47729
23 50 -0.50537
23 23 4.78244
23 27 -0.815591
23 7 -0.558415
24 42 -0.474567
24 12 -2.20536
24 24 5.21822
24 27 -1.64578
24 44 -0.892518
25 9 -3.61822
25 18 -0.367399
25 40 -2.02722
25 60 -0.164672
25 25 6.5767
25 29 -0.38672
25 32 -0.0124677
26 62 -6.45816
26 26 12.2815
26 52 -1.32638
27 24 -1.64578
27 44 -0.515302
27 50 -0.267066
27 23 -0.815591
27 12 -0.220373
27 7 -0.768674
27 27 4.4079
28 28 56.1069
28 58 -0.518221
29 25 -0.38672
29 32 -0.347373
29 15 -0.660315
29 60 -0.842753
29 29 5.70303
29 38 -3.21921
30 55 -0.422662
30 2 -5.17494
30 49 -0.0986382
30 53 -0.660699
30 30 7.30736
30 54 -0.239109
30 10 -0.711307
31 12 -0.0244173
31 63 -3.99522
31 61 -0.459366
31 58 -2.03627
31 31 7.04472
32 9 -0.907643
32 25 -0.0124677
32 45 -0.792906
32 32 5.66089
32 29 -0.347373
33 40 -0.260574
33 60 -0.578551
33 4 -0.916804
33 33 4.27995
33 35 -1.23489
33 15 -0.776468
34 36 -1.35454
34 57 -1.17344
34 22 -2.29626
34 34 5.20754
35 33 -1.23489
35 15 -0.461378
35 35 4.99952
35 38 -0.51863
36 22 -0.82119
36 34 -1.35454
36 36 7.24608
36 57 -1.51198
37 55 -0.180988
37 39 -0.903983
37 37 4.79127
37 47 -1.76308
37 2 -1.44847
38 29 -3.21921
38 15 -0.356003
38 35 -0.51863
38 38 6.30063
39 55 -0.0626112
39 8 -2.01425
39 37 -0.903983
39 39 5.21566
40 25 -2.02722
40 60 -1.37272
40 33 -0.260574
40 4 -0.172149
40 40 4.79363
40 18 -0.0837462
40 19 -0.877217
41 53 -0.0775623
41 5 -2.00514
41 13 -1.3127
41 0 -0.809432
41 54 -0.646968
41 41 5.0545
41 19 -0.202703
42 11 -0.512758
42 24 -0.474567
42 44 -0.353723
42 20 -0.996726
42 42 3.84278
42 63 -0.547301
42 12 -0.957707
43 56 -2.74565
43 59 -5.06578
43 43 14.3308
44 11 -2.78982
44 42 -0.353723
44 24 -0.892518
44 44 5.14024
44 27 -0.515302
44 50 -0.58888
45 9 -0.391294
45 3 -0.499503
45 51 -0.423266
45 20 -0.184192
45 32 -0.792906
45 45 3.70494
46 56 -0.38098
46 55 -5.6962
46 8 -0.316565
46 48 -0.0678441
46 6 -1.34758
46 46 8.22414
46 10 -0.414972
47 37 -1.76308
47 2 -0.453757
47 49 -1.10324
47 47 4.43152
47 21 -0.0161501
48 56 -0.622904
48 46 -0.0678441
48 59 -3.45587
48 48 6.16117
48 6 -0.931624
48 7 -0.931973
49 2 -0.682342
49 53 -0.511046
49 30 -0.0986382
49 14 -0.356444
49 49 4.75109
49 47 -1.10324
49 21 -1.99938
50 11 -0.626244
50 44 -0.58888
50 27 -0.267066
50 18 -0.871783
50 19 -0.143275
50 54 -0.545747
50 23 -0.50537
50 10 -0.576982
50 50 4.12535
51 61 -0.738036
51 51 5.04535
51 20 -2.79989
51 45 -0.423266
52 26 -1.32638
52 5 -0.819996
52 62 -0.857483
52 1 -0.0773437
52 52 7.24002
53 14 -0.0779382
53 49 -0.511046
53 1 -0.93106
53 30 -0.660699
53 5 -0.862409
53 41 -0.0775623
53 54 -0.668313
53 53 3.78903
54 53 -0.668313
54 50 -0.545747
54 41 -0.646968
54 19 -6.80977
54 30 -0.239109
54 54 8.91164
54 10 -0.00173325
55 10 -0.0899017
55 30 -0.422662
55 2 -0.0377607
55 46 -5.6962
55 8 -1.78201
55 39 -0.0626112
55 37 -0.180988
55 55 8.27214
56 48 -0.622904
56 59 -0.918293
56 43 -2.74565
56 46 -0.38098
56 8 -0.115764
56 17 -0.0543199
56 56 5.97003
57 36 -1.51198
57 34 -1.17344
57 57 6.8616
58 31 -2.03627
58 12 -1.25043
58 28 -0.518221
58 58 4.69958
59 56 -0.918293
59 48 -3.45587
59 59 9.92186
59 43 -5.06578
60 25 -0.164672
60 40 -1.37272
60 33 -0.578551
60 15 -2.74406
60 29 -0.842753
60 60 5.70276
61 31 -0.459366
61 51 -0.738036
61 63 -1.67973
61 20 -0.387893
61 61 4.50266
62 26 -6.45816
62 52 -0.857483
62 1 -1.02523
62 62 8.82861
62 22 -0.192049
63 31 -3.99522
63 61 -1.67973
63 20 -0.0162598
63 42 -0.547301
63 63 6.56267
63 12 -0.324155